"rawns,0.000000000392497"
"raxed,0.00000000210234"
"raxes,0.00000000522863"
"rayah,0.00000000821439"
"rayas,0.00000000657625"
"rayed,0.000000374811"
"rayle,0.00000000647635"
"rayls,0.00000000238224"
"rayne,0.0000000225247"
"rayon,0.00000120445"
"razai,0.00000000100347"
"razed,0.000000502329"
"razee,0.00000000691206"
"razer,0.00000000307833"
"razes,0.00000000742549"
"razet,0.000000000129995"
"razoo,0.0000000016608"
"razor,0.00000190386"
"reach,0.0000592654"
"react,0.0000080265"
"readd,0.00000000163042"
"reads,0.0000127495"
"ready,0.0000728064"
"reais,0.0000000193606"
"reaks,0.0000000052267"
"realm,0.0000116664"
"realo,0.000000000932462"
"reals,0.000000261417"
"reame,0.00000000950571"
"reams,0.000000311827"
"reamy,0.00000000118959"
"reans,0.00000000730986"
"reaps,0.000000210272"
"reard,0.0000000120751"
"rearm,0.0000000869352"
"rears,0.000000372506"
"reast,0.0000000115696"
"reata,0.0000000110349"
"reate,0.0000000177022"
"reave,0.0000000146417"
"rebab,0.0000000141372"
"rebar,0.000000133067"
"rebbe,0.0000000657973"
"rebec,0.0000000173269"
"rebel,0.00000488336"
"rebid,0.0000000362798"
"rebit,0.000000000379744"
"rebop,0.00000000152994"
"rebud,0.000000000565199"
"rebus,0.000000339633"
"rebut,0.000000953277"
"rebuy,0.0000000153021"
"recal,0.000000172574"
"recap,0.000000218073"
"recce,0.0000000542881"
"recco,0.00000000177541"
"reccy,0.0000000014916"
"recep,0.0000000539822"
"recit,0.000000034969"
"recks,0.0000000338419"
"recon,0.000000359534"
"recta,0.000000151882"
"recte,0.0000000970815"
"recti,0.000000192644"
"recto,0.000000397855"
"recue,0.00000000438555"
"recur,0.00000175766"
"recut,0.0000000751964"
"redan,0.0000000184866"
"redds,0.0000000397924"
"reddy,0.000000034907"
"reded,0.00000000398312"
"redes,0.0000000407394"
"redia,0.00000001905"
"redid,0.0000000244207"
"redif,0.00000000277265"
"redig,0.00000000135235"
"redip,0.00000000146851"
"redly,0.0000000472489"
"redon,0.00000000295135"
"redos,0.00000000232667"
"redox,0.00000129622"
"redry,0.0000000035055"
"redub,0.00000000101855"
"redug,0.00000000287066"
"redux,0.000000026229"
"redye,0.00000000744139"
"reeaf,Missing[NotAvailable]"
"reech,0.00000000482257"
"reede,0.0000000122478"
"reeds,0.00000162555"
"reedy,0.000000185377"
"reefs,0.00000251203"
"reefy,0.00000000428127"
"reeks,0.00000012396"
"reeky,0.00000000499794"
"reels,0.00000136131"
"reely,0.00000002259"
"reems,0.00000000188004"
"reens,0.00000000460897"
"reerd,0.00000000024329"
"reest,0.00000000372144"
"reeve,0.000000163967"
"reeze,0.000000015042"
"refan,0.00000000591517"
"refed,0.0000000255667"
"refel,0.00000000239092"
"refer,0.0000372887"
"reffo,0.0000000011402"
"refis,0.00000000115502"
"refit,0.000000255561"
"refix,0.0000000100777"
"refly,0.00000000188177"
"refry,0.000000000878857"
"regal,0.00000114075"
"regar,0.0000000485631"
"reges,0.0000000546768"
"reget,0.00000000434444"
"regex,0.0000000524264"
"reggo,0.000000000267787"
"regia,0.000000315667"
"regie,0.0000000371116"
"regle,0.00000000941245"
"regma,0.000000000942432"
"regna,0.0000000476871"
"regos,0.00000000084562"
"regot,0.000000000229575"
"regur,0.00000000957869"
"rehab,0.000000408179"
"rehem,0.00000000139297"
"reifs,0.000000000692278"
"reify,0.0000000938987"
"reign,0.0000167663"
"reiki,0.0000000160136"
"reiks,0.0000000013463"
"reine,0.000000101287"
"reing,0.0000000150846"
"reink,0.000000000380516"
"reins,0.0000024563"
"reird,0.00000000116759"
"reist,0.0000000046423"
"reive,0.0000000048847"
"rejas,0.00000000592907"
"rejig,0.00000000358109"
"rejon,0.000000000954568"
"reked,0.000000000331663"
"rekes,0.000000000480566"
"rekey,0.0000000112069"
"relax,0.00000495138"
"relay,0.00000463884"
"relet,0.0000000656664"
"relic,0.00000169353"
"relie,0.0000000292927"
"relit,0.0000000489684"
"rello,0.000000000947885"
"relos,0.000000000824797"
"reman,0.0000000246197"
"remap,0.000000025862"
"remen,0.0000000124445"
"remet,0.00000000435545"
"remex,0.00000000714775"
"remit,0.00000210191"
"remix,0.0000000768585"
"remou,0.000000000888998"
"renal,0.0000111733"
"renay,0.000000000551355"
"rends,0.000000126166"
"rendu,0.000000115214"
"renew,0.00000499136"
"reney,0.00000000114388"
"renga,0.0000000271628"
"rengs,0.000000000333891"
"renig,0.00000000154311"
"renin,0.000000840845"
"renks,0.000000000501687"
"renne,0.0000000137556"
"renos,0.00000000123888"
"rente,0.0000000816088"
"rents,0.00000923368"
"reoil,0.0000000010843"
"reorg,0.0000000156551"
"repas,0.0000000172763"
"repat,0.00000000262771"
"repay,0.0000041159"
"repeg,0.000000000744739"
"repel,0.00000156685"
"repen,0.00000000547884"
"repin,0.00000000357212"
"repla,0.00000000800076"
"reply,0.000030092"
"repos,0.0000000998929"
"repot,0.0000000428057"
"repps,0.00000000121383"
"repro,0.000000157585"
"repun,0.000000000339799"
"reput,0.00000000759068"
"reran,0.0000000147486"
"rerig,0.00000000106374"
"rerun,0.000000244507"
"resam,0.00000000112952"
"resat,0.000000000939643"
"resaw,0.000000043753"
"resay,0.00000000124296"
"resee,0.00000000319161"
"reses,0.00000000388019"
"reset,0.00000184518"
"resew,0.00000000212141"
"resid,0.0000000819749"
"resin,0.00000671106"
"resit,0.0000000105856"
"resod,0.00000000136809"
"resol,0.0000000381969"
"resow,0.00000000467693"
"resto,0.0000000393325"
"rests,0.0000115401"
"resty,0.00000000692653"
"resue,0.0000000020344"
"resus,0.00000000764265"
"retag,0.00000000120522"
"retam,0.00000000235001"
"retax,0.0000000215503"
"retch,0.0000000664948"
"retem,0.0000000021328"
"retia,0.0000000122188"
"retie,0.0000000148964"
"retin,0.00000000617974"
"retip,0.000000000654095"
"retox,0.000000000573148"
"retro,0.000000520149"
"retry,0.000000126648"
"reune,0.00000000109128"
"reups,0.000000000148158"
"reuse,0.00000203175"
"revel,0.000000673818"
"revet,0.0000000129445"
"revie,0.0000000175688"
"revow,0.000000000218375"
"revue,0.000000379936"
"rewan,0.000000000451107"
"rewax,0.00000000135386"
"rewed,0.00000000511696"
"rewet,0.0000000107084"
"rewin,0.00000000232367"
"rewon,0.00000000470347"
"rewth,0.00000000114087"
"rexes,0.00000000292315"
"rezes,0.000000000220765"
"rhabd,0.00000000120438"
"rheas,0.0000000143438"
"rheid,0.00000000139345"
"rheme,0.0000000393392"
"rheum,0.0000000599938"
"rhies,0.000000000247081"
"rhime,0.0000000174838"
"rhine,0.0000000109885"
"rhino,0.000000280532"
"rhody,0.000000000541306"
"rhomb,0.0000000649554"
"rhone,0.00000000360966"
"rhumb,NA"
"rhyme,0.00000264912"
"rhymy,0.000000000273527"
"rhyne,0.00000000121714"
"rhyta,0.00000000959387"
"riads,0.00000000299169"
"rials,0.000000279446"
"riant,0.0000000350425"
"riata,0.0000000126853"
"riato,0.000000000623352"
"ribas,0.000000000822419"
"ribby,0.0000000047535"
"ribes,0.0000000403283"
"riced,0.0000000137415"
"ricer,0.0000000204794"
"rices,0.000000192373"
"ricey,0.00000000236487"
"riche,0.000000198561"
"richt,0.0000000948649"
"ricin,0.000000111551"
"ricks,0.0000000967104"
"rider,0.00000349927"
"rides,0.0000027439"
"ridge,0.0000101103"
"ridgy,0.0000000242981"
"ridic,0.00000000472784"
"riels,0.0000000158539"
"riems,0.00000000216813"
"rieve,0.00000000186137"
"rifer,0.00000000293463"
"riffs,0.000000101245"
"riffy,0.000000000579652"
"rifle,0.00000695618"
"rifte,0.000000000931873"
"rifts,0.000000288489"
"rifty,0.00000000202105"
"riggs,0.0000000104173"
"right,0.000403903"
"rigid,0.0000138785"
"rigmo,0.000000000167033"
"rigol,0.0000000019895"
"rigor,0.00000127538"
"rikka,0.00000000210262"
"rikwa,Missing[NotAvailable]"
"riled,0.000000179054"
"riles,0.0000000326121"
"riley,0.0000000110591"
"rille,0.0000000221419"
"rills,0.000000272413"
"rilly,0.00000000339643"
"rimae,0.00000000126707"
"rimed,0.0000000433088"
"rimer,0.0000000134214"
"rimes,0.000000169709"
"rimon,0.000000000701746"
"rimus,0.00000000291445"
"rince,0.0000000427926"
"rinds,0.000000135071"
"rindy,0.00000000147929"
"rines,0.0000000156242"
"ringe,0.0000000252137"
"rings,0.000012667"
"ringy,0.00000000311935"
"rinks,0.000000131012"
"rinse,0.00000136632"
"rioja,0.00000000260456"
"rione,0.00000000327526"
"riots,0.00000302129"
"rioty,0.0000000002775"
"riped,0.00000000334937"
"ripen,0.00000116589"
"riper,0.000000215444"
"ripes,0.0000000072015"
"ripps,0.00000000123107"
"riqqs,Missing[NotAvailable]"
"risen,0.00000896955"
"riser,0.000000726845"
"rises,0.0000129732"
"rishi,0.0000000395271"
"risks,0.0000205612"
"risky,0.00000305656"
"risps,0.000000000302613"
"rists,0.0000000104279"
"risus,0.0000000667108"
"rites,0.0000049472"
"rithe,0.00000000158138"
"ritts,0.000000000829422"
"ritzy,0.0000000440241"
"rival,0.00000962387"
"rivas,0.00000000168648"
"rived,0.000000166656"
"rivel,0.00000000174365"
"riven,0.000000361729"
"river,0.0000767351"
"rives,0.0000000493256"
"rivet,0.000000987098"
"riyal,0.0000000200912"
"rizas,0.000000000266906"
"roach,0.000000350307"
"roads,0.0000327774"
"roady,0.00000000525405"
"roake,0.000000000680181"
"roaky,0.000000000467901"
"roams,0.000000166476"
"roans,0.0000000224927"
"roany,0.00000000091104"
"roars,0.000000522718"
"roary,0.000000000721672"
"roast,0.00000231627"
"roate,0.00000000152529"
"robbo,0.000000000633778"
"robed,0.000000613053"
"rober,0.0000000023688"
"robes,0.00000307283"
"robin,0.000000843794"
"roble,0.0000000106509"
"robot,0.0000036658"
"robug,Missing[NotAvailable]"
"robur,0.0000000676021"
"roche,0.0000000364185"
"rocks,0.0000344155"
"rocky,0.00000566076"
"roded,0.0000000034592"
"rodeo,0.000000433054"
"rodes,0.0000000139635"
"rodny,0.000000000142042"
"roers,0.00000000105436"
"rogan,0.00000000448898"
"roger,0.000000063956"
"rogue,0.00000140757"
"roguy,0.000000000634039"
"rohan,0.0000000016392"
"rohes,0.00000000245259"
"rohun,0.000000000234766"
"rohus,0.00000000018026"
"roids,0.00000000733522"
"roils,0.0000000203084"
"roily,0.0000000139809"
"roins,0.00000000144735"
"roist,0.000000000971537"
"rojak,0.00000000232446"
"rojis,0.000000000232592"
"roked,0.000000000406724"
"roker,0.00000000569315"
"rokes,0.00000000156583"
"rokey,0.000000000180906"
"rokos,0.000000000738947"
"rolag,0.00000000202315"
"roleo,0.000000000327092"
"roles,0.0000179399"
"rolfs,0.000000000343085"
"rolls,0.000010055"
"rolly,0.00000000600612"
"romal,0.00000000189674"
"roman,0.000000818089"
"romeo,0.0000000134231"
"romer,0.0000000033897"
"romps,0.000000053675"
"rompu,0.00000000524608"
"rompy,0.000000000322254"
"ronde,0.0000000355065"
"rondo,0.000000120364"
"roneo,0.00000000443051"
"rones,0.0000000104935"
"ronin,0.0000000352303"
"ronne,0.0000000147413"
"ronte,0.00000000833717"
"ronts,0.00000000511638"
"ronuk,0.000000000208232"
"roods,0.000000183529"
"roofs,0.00000402238"
"roofy,0.000000000627139"
"rooks,0.000000284378"
"rooky,0.0000000107087"
"rooms,0.0000332649"
"roomy,0.000000504986"
"roons,0.00000000450215"
"roops,0.00000000905175"
"roopy,0.000000000564888"
"roosa,0.000000000482969"
"roose,0.00000000372307"
"roost,0.000000731253"
"roots,0.0000251866"
"rooty,0.000000013549"
"roped,0.000000290326"
"roper,0.000000138761"
"ropes,0.00000362268"
"ropey,0.0000000150519"
"roque,0.00000000711307"
"roral,0.00000000290736"
"rores,0.00000000371325"
"roric,0.000000000383286"
"rorid,0.000000000612374"
"rorie,0.000000000464919"
"rorts,0.00000000383682"
"rorty,0.00000000397639"
"rosal,0.00000000241134"
"rosco,0.00000000114601"
"rosed,0.0000000101593"
"roses,0.00000516917"
"roset,0.00000000274773"
"rosha,0.00000000113876"
"roshi,0.0000000186782"
"rosin,0.000000805488"
"rosit,0.000000000458299"
"rosps,0.000000000143048"
"rossa,0.0000000328423"
"rosso,0.000000038101"
"rosti,0.00000000449366"
"rosts,0.00000000504095"
"rotal,0.0000000115837"
"rotan,0.0000000100608"
"rotas,0.0000000197958"
"rotch,0.000000000702956"
"roted,0.0000000068603"
"rotes,0.0000000489984"
"rotis,0.0000000194587"
"rotls,0.00000000325837"
"roton,0.0000000299311"
"rotor,0.00000489452"
"rotos,0.00000000673262"
"rotta,0.00000000702821"
"rotte,0.00000000533611"
"rotto,0.00000000553373"
"rotty,0.00000000101301"
"rouen,0.00000000327656"
"roues,0.0000000139214"
"rouet,0.00000000209483"
"roufs,0.000000000249598"
"rouge,0.000000510983"
"rough,0.0000217843"
"rougy,0.000000000234734"
"rouks,0.000000000257257"
"rouky,0.00000000022626"
"roule,0.0000000123711"
"rouls,0.000000000983656"
"roums,0.000000000692751"
"round,0.0000740989"
"roups,0.0000000502917"
"roupy,0.00000000237253"
"rouse,0.00000140773"
"roust,0.0000000614879"
"route,0.0000314419"
"routh,0.00000000801269"
"routs,0.0000000957578"
"roved,0.00000030112"
"roven,0.00000000928065"
"rover,0.000000288346"
"roves,0.0000000618874"
"rowan,0.0000000981995"
"rowdy,0.000000369994"
"rowed,0.0000010707"
"rowel,0.0000000277886"
"rowen,0.0000000169275"
"rower,0.00000012663"
"rowet,0.000000000236183"
"rowie,0.000000000438995"
"rowme,0.0000000124362"
"rownd,0.00000000781601"
"rowns,0.00000000239305"
"rowth,0.0000000615902"
"rowts,0.00000000031446"
"royal,0.0000215556"
"royet,0.000000000147862"
"royne,0.00000000690325"
"royst,0.000000000328376"
"rozes,0.000000000291936"
"rozet,0.000000000409854"
"rozit,0.00000000014654"
"ruach,0.000000025526"
"ruana,0.00000000281781"
"rubai,0.00000000225635"
"ruban,0.00000000648069"
"rubby,0.00000000159089"
"rubel,0.00000000417761"
"rubes,0.0000000254607"
"rubin,0.0000000129365"
"rubio,0.00000000879441"
"ruble,0.000000321122"
"rubli,0.00000000042102"
"rubor,0.0000000180094"
"rubus,0.0000000100209"
"ruche,0.000000016247"
"ruchy,0.000000000310449"
"rucks,0.0000000187344"
"rudas,0.00000000146143"
"rudds,0.000000000388158"
"ruddy,0.000000995295"
"ruder,0.000000222504"
"rudes,0.0000000076677"
"rudie,0.000000000857688"
"rudis,0.0000000576593"
"rueda,0.0000000066434"
"ruers,0.000000000375979"
"ruffe,0.0000000206024"
"ruffs,0.0000000789606"
"ruffy,0.00000000047555"
"rufus,0.000000092783"
"rugae,0.00000010032"
"rugal,0.00000000775507"
"rugas,0.00000000169254"
"rugby,0.00000069943"
"ruggy,0.000000000816598"
"ruice,0.000000000341483"
"ruing,0.0000000206541"
"ruins,0.00000765151"
"rukhs,0.000000000910624"
"ruled,0.0000141727"
"ruler,0.00000736705"
"rules,0.0000986609"
"rully,0.00000000250903"
"rumal,0.00000000357472"
"rumba,0.0000000641876"
"rumbo,0.00000000728584"
"rumen,0.000000829653"
"rumes,0.000000000796207"
"rumly,0.000000000249729"
"rummy,0.0000000718281"
"rumor,0.00000187775"
"rumpo,0.00000000158179"
"rumps,0.0000000599028"
"rumpy,0.00000000261594"
"runce,0.000000000751138"
"runch,0.00000000229933"
"runds,0.0000000038029"
"runed,0.00000000266839"
"runer,0.00000000202397"
"runes,0.000000269665"
"rungs,0.000000394684"
"runic,0.000000125046"
"runny,0.000000208584"
"runos,0.00000000165239"
"runts,0.0000000362645"
"runty,0.0000000179929"
"runup,0.0000000847257"
"ruote,0.00000000267378"
"rupee,0.00000100086"
"rupia,0.0000000119527"
"rural,0.0000440611"
"rurps,0.000000000431093"
"rurus,0.000000000635434"
"rusas,0.000000000598671"
"ruses,0.0000000970366"
"rushy,0.0000000396209"
"rusks,0.0000000333119"
"rusky,0.000000000628851"
"rusma,0.000000000559053"
"russe,0.0000000689847"
"rusts,0.000000247075"
"rusty,0.00000196057"
"ruths,0.00000000217974"
"rutin,0.0000000622586"
"rutty,0.0000000178158"
"ruvid,0.000000000200815"
"ryals,0.00000000799034"
"rybat,0.000000000524252"
"ryiji,Missing[NotAvailable]"
"ryijy,0.00000000244106"
"ryked,Missing[NotAvailable]"
"rykes,0.00000000028058"
"rymer,0.00000000133919"
"rymme,0.000000000335609"
"rynds,0.000000000287919"
"ryoti,0.00000000663401"
"ryots,0.000000240021"
"ryper,0.00000000330893"
"rypin,Missing[NotAvailable]"
"rythe,0.000000000703036"
"ryugi,0.000000000234181"
"saags,0.000000000100862"
"sabal,0.00000000531504"
"sabed,0.00000000148731"
"saber,0.00000038334"
"sabes,0.000000017961"
"sabha,0.0000000489143"
"sabin,0.00000000468852"
"sabir,0.00000000163334"
"sabji,0.00000000143805"
"sable,0.000000888029"
"sabos,0.000000000207663"
"sabot,0.0000000477506"
"sabra,0.0000000166316"
"sabre,0.000000476767"
"sabzi,0.00000000409938"
"sacks,0.00000237883"
"sacra,0.000000250366"
"sacre,0.0000000638411"
"saddo,0.00000000221541"
"saddy,0.000000000399731"
"sades,0.00000000527964"
"sadhe,0.000000000589036"
"sadhu,0.0000000584492"
"sadic,0.00000000136189"
"sadis,0.0000000049606"
"sadly,0.00000426741"
"sados,0.00000000036753"
"sadza,0.00000000843976"
"saeta,0.00000000356849"
"safed,0.0000000111946"
"safer,0.00000462622"
"safes,0.000000400017"
"sagar,0.00000000990679"
"sagas,0.000000331621"
"sager,0.00000000985167"
"sages,0.00000143368"
"saggy,0.0000000375627"
"sagos,0.0000000011188"
"sagum,0.00000000755921"
"sahab,0.00000000493877"
"saheb,0.0000000142873"
"sahib,0.00000017305"
"saice,0.000000000995264"
"saick,0.000000000380604"
"saics,0.00000000271586"
"saids,0.000000119336"
"saiga,0.0000000152906"
"sails,0.00000351883"
"saims,0.000000000304177"
"saine,0.0000000807883"
"sains,0.0000000097099"
"saint,0.00000525338"
"sairs,0.00000000282693"
"saist,0.00000000578331"
"saith,0.00000435266"
"sajou,0.00000000080756"
"sakai,0.00000000304678"
"saker,0.0000000130043"
"sakes,0.000000597611"
"sakia,0.00000000209217"
"sakis,0.00000000400705"
"sakti,0.0000000519285"
"salad,0.00000371289"
"salal,0.0000000285065"
"salas,0.0000000132456"
"salat,0.0000000328657"
"salep,0.0000000143351"
"sales,0.0000707606"
"salet,0.0000000046522"
"salic,0.0000000283764"
"salis,0.0000000333693"
"salix,0.00000000921889"
"salle,0.0000000983468"
"sally,0.000000529038"
"salmi,0.0000000105748"
"salol,0.0000000803977"
"salon,0.00000145935"
"salop,0.0000000024232"
"salpa,0.00000000670786"
"salps,0.0000000198319"
"salsa,0.000000415334"
"salse,0.0000000199527"
"salto,0.0000000160607"
"salts,0.0000112153"
"salty,0.00000104576"
"salud,0.0000000426873"
"salue,0.0000000289258"
"salut,0.0000000389579"
"salve,0.000000442846"
"salvo,0.000000276711"
"saman,0.0000000317389"
"samas,0.00000000195701"
"samba,0.000000130534"
"sambo,0.0000000106898"
"samek,0.00000000278241"
"samel,0.00000000636464"
"samen,0.0000000411491"
"sames,0.0000000116048"
"samey,0.00000000343107"
"samfi,0.000000000502044"
"samfu,0.000000000472804"
"sammy,0.00000000665687"
"sampi,0.00000000205289"
"samps,0.0000000018724"
"sanad,0.0000000391995"
"sands,0.00000551597"
"sandy,0.00000998318"
"saned,0.000000000587368"
"saner,0.000000155809"
"sanes,0.00000000155837"
"sanga,0.0000000192951"
"sangh,0.00000000688405"
"sango,0.00000000561758"
"sangs,0.0000000171611"
"sanko,0.00000000174849"
"sansa,0.0000000031095"
"santo,0.0000000767615"
"sants,0.0000000188247"
"saola,0.00000000415556"
"sapan,0.0000000076964"
"sapid,0.0000000257742"
"sapor,0.00000000599943"
"sappy,0.000000112093"
"saran,0.0000000319699"
"sards,0.00000000367586"
"sared,0.00000000324067"
"saree,0.0000000481869"
"sarge,0.0000000268274"
"sargo,0.00000000302783"
"sarin,0.000000078855"
"sarir,0.00000000134809"
"saris,0.00000011825"
"sarks,0.00000000500714"
"sarky,0.00000000404769"
"sarod,0.000000012655"
"saros,0.00000000793186"
"sarus,0.00000000377043"
"sarvo,0.000000000901018"
"saser,0.00000000163301"
"sasin,0.00000000237343"
"sasse,0.00000000128652"
"sassy,0.000000141619"
"satai,0.000000000459843"
"satay,0.0000000242453"
"sated,0.000000310013"
"satem,0.00000000554965"
"sater,0.00000000464994"
"sates,0.0000000584812"
"satin,0.00000214385"
"satis,0.000000560301"
"satyr,0.000000266428"
"sauba,0.000000000945137"
"sauce,0.00000608567"
"sauch,0.000000000920683"
"saucy,0.000000412442"
"saugh,0.0000000239759"
"sauls,0.0000000019159"
"sault,0.0000000376706"
"sauna,0.000000437291"
"saunf,0.00000000178337"
"saunt,0.00000000255289"
"saury,0.0000000252154"
"saute,0.000000213549"
"sauts,0.00000000227869"
"sauve,0.0000000279637"
"saved,0.0000220927"
"saver,0.000000509982"
"saves,0.00000334407"
"savey,0.00000000354627"
"savin,0.000000099502"
"savor,0.000000598809"
"savoy,0.0000000209939"
"savvy,0.000000663497"
"sawah,0.0000000279696"
"sawed,0.000000945998"
"sawer,0.00000000353591"
"saxes,0.0000000277963"
"sayas,0.00000000284377"
"sayed,0.0000000499612"
"sayee,0.00000000101843"
"sayer,0.0000000329547"
"sayid,0.00000000185686"
"sayne,0.00000000539653"
"sayon,0.00000000114156"
"sayst,0.0000000285305"
"sazes,0.000000000228305"
"scabs,0.000000344698"
"scads,0.000000032944"
"scaff,0.00000000242075"
"scags,0.000000000355881"
"scail,0.000000000410906"
"scala,0.000000142775"
"scald,0.000000339033"
"scale,0.0000806135"
"scall,0.0000000175106"
"scalp,0.00000247287"
"scaly,0.000000861491"
"scamp,0.000000162894"
"scams,0.000000194974"
"scand,0.000000124793"
"scans,0.00000189056"
"scant,0.00000219883"
"scapa,0.000000000653671"
"scape,0.000000685964"
"scapi,0.00000000192812"
"scare,0.00000225714"
"scarf,0.00000166811"
"scarp,0.000000456178"
"scars,0.00000270563"
"scart,0.00000000931419"
"scary,0.00000139514"
"scath,0.0000000106741"
"scats,0.0000000969135"
"scatt,0.0000000112946"
"scaud,0.000000000797579"
"scaup,0.0000000494302"
"scaur,0.0000000118169"
"scaws,0.000000000158085"
"sceat,0.00000000478017"
"scena,0.0000000571129"
"scend,0.0000000176577"
"scene,0.0000410315"
"scent,0.00000477229"
"schav,0.000000000698127"
"schif,0.000000000591702"
"schmo,0.00000000381716"
"schul,0.0000000132251"
"schwa,0.0000000942632"
"scifi,0.00000000629459"
"scind,0.00000000331972"
"scion,0.000000614884"
"scire,0.000000414649"
"sclim,0.000000000292007"
"scobe,0.000000000410732"
"scody,0.0000000000830561"
"scoff,0.000000351949"
"scogs,0.000000000164403"
"scold,0.000000573426"
"scone,0.0000000898069"
"scoog,0.000000000102179"
"scoop,0.00000125344"
"scoot,0.000000121153"
"scopa,0.000000019744"
"scope,0.000033008"
"scops,0.0000000130389"
"score,0.000020263"
"scorn,0.00000362107"
"scorp,0.00000000182158"
"scote,0.0000000011974"
"scots,0.0000000220027"
"scoug,0.000000000319442"
"scoup,0.00000000108577"
"scour,0.000000944798"
"scout,0.00000164859"
"scowl,0.000000642365"
"scowp,0.000000000303031"
"scows,0.000000232781"
"scrab,0.00000000107074"
"scrae,0.000000000659359"
"scrag,0.0000000205118"
"scram,0.000000125314"
"scran,0.00000000582983"
"scrap,0.00000634534"
"scrat,0.00000000338604"
"scraw,0.00000000188482"
"scray,0.00000000158837"
"scree,0.000000196414"
"screw,0.00000969723"
"scrim,0.0000000849788"
"scrip,0.000000963652"
"scrob,0.000000000888494"
"scrod,0.0000000135174"
"scrog,0.00000000126837"
"scroo,0.000000000381881"
"scrow,0.00000000472501"
"scrub,0.00000232561"
"scrum,0.000000175018"
"scuba,0.000000394304"
"scudi,0.000000107806"
"scudo,0.0000000149729"
"scuds,0.0000000237299"
"scuff,0.0000000898005"
"scuft,0.000000000303529"
"scugs,0.000000000496239"
"sculk,0.00000000251074"
"scull,0.0000000889565"
"sculp,0.0000000716177"
"sculs,0.00000000219892"
"scums,0.0000000246909"
"scups,0.00000000060675"
"scurf,0.000000081852"
"scurs,0.00000000547489"
"scuse,0.0000000137944"
"scuta,0.0000000345387"
"scute,0.0000000683851"
"scuts,0.0000000041928"
"scuzz,0.00000000241679"
"scyes,0.000000000572238"
"sdayn,Missing[NotAvailable]"
"sdein,0.00000000010429"
"seals,0.00000565856"
"seame,0.00000000696786"
"seams,0.00000303252"
"seamy,0.000000107074"
"seans,0.00000000508345"
"seare,0.00000000963102"
"sears,0.0000000711522"
"sease,0.0000000333937"
"seats,0.0000139956"
"seaze,0.0000000037296"
"sebum,0.0000000996974"
"secco,0.0000000344295"
"sechs,0.0000000181983"
"sects,0.00000261155"
"sedan,0.000000883688"
"seder,0.0000000668595"
"sedes,0.0000000499181"
"sedge,0.000000471281"
"sedgy,0.0000000383678"
"sedum,0.00000001512"
"seeds,0.00001983"
"seedy,0.000000343836"
"seeks,0.0000148585"
"seeld,0.00000000107662"
"seels,0.0000000102467"
"seely,0.00000000958823"
"seems,0.000140522"
"seeps,0.00000037041"
"seepy,0.00000000981075"
"seers,0.000000575424"
"sefer,0.0000000195815"
"segar,0.0000000187104"
"segas,0.00000000036321"
"segni,0.0000000103279"
"segno,0.0000000253326"
"segol,0.00000000372951"
"segos,0.000000000214903"
"segue,0.0000000710419"
"sehri,0.00000000077396"
"seifs,0.0000000011917"
"seils,0.00000000141826"
"seine,0.00000103041"
"seirs,0.000000000312574"
"seise,0.0000000526005"
"seism,0.0000000124751"
"seity,0.000000000822739"
"seiza,0.0000000044995"
"seize,0.00000584674"
"sekos,0.0000000025749"
"sekts,0.000000000402723"
"selah,0.00000000657617"
"seles,0.00000000840158"
"selfs,0.0000000477219"
"selfy,0.00000000048344"
"selky,0.000000000359176"
"sella,0.000000218611"
"selle,0.0000000327639"
"sells,0.00000615724"
"selva,0.0000000389339"
"semas,0.00000000111576"
"semee,0.00000000520994"
"semen,0.00000159363"
"semes,0.0000000344595"
"semie,0.000000000728621"
"semis,0.0000000814945"
"senas,0.00000000403166"
"sends,0.00000731331"
"senes,0.0000000795127"
"senex,0.0000000545928"
"sengi,0.00000000175474"
"senna,0.000000163831"
"senor,0.000000150778"
"sensa,0.0000000677578"
"sense,0.000142088"
"sensi,0.0000000767992"
"sensu,0.000000421819"
"sente,0.0000000686058"
"senti,0.0000000917453"
"sents,0.000000159423"
"senvy,0.000000000191131"
"senza,0.000000109167"
"sepad,0.000000000426436"
"sepal,0.000000180683"
"sepia,0.000000336159"
"sepic,0.00000000131606"
"sepoy,0.0000000965772"
"seppo,0.00000000105765"
"septa,0.000000947654"
"septs,0.0000000534411"
"serac,0.00000000713924"
"serai,0.0000000767415"
"seral,0.000000115316"
"sered,0.00000000901155"
"serer,0.00000000214395"
"seres,0.0000000353058"
"serfs,0.000000877004"
"serge,0.000000285852"
"seria,0.0000000820572"
"seric,0.00000000809261"
"serif,0.000000167069"
"serin,0.0000000140295"
"serir,0.00000000226548"
"serks,0.000000000465678"
"seron,0.00000000213642"
"serow,0.0000000115237"
"serra,0.0000000416236"
"serre,0.0000000212993"
"serrs,0.000000000204725"
"serry,0.00000000427951"
"serum,0.0000165762"
"serve,0.000070087"
"servo,0.00000102522"
"sesey,0.000000000140422"
"sessa,0.00000000169835"
"setae,0.00000270093"
"setal,0.0000000836179"
"seter,0.00000000611451"
"seths,0.00000000161998"
"seton,0.0000000568233"
"setts,0.000000204762"
"setup,0.00000354969"
"sevak,0.00000000605144"
"seven,0.0000792179"
"sever,0.00000134763"
"sevir,0.00000000320266"
"sewan,0.00000000294081"
"sewar,0.00000000117442"
"sewed,0.00000104683"
"sewel,0.00000000095914"
"sewen,0.00000000413696"
"sewer,0.00000687465"
"sewin,0.0000000193574"
"sexed,0.000000228515"
"sexer,0.0000000035397"
"sexes,0.00000586733"
"sexor,0.000000000977341"
"sexto,0.0000000376853"
"sexts,0.00000000235465"
"seyen,0.00000000779458"
"sezes,0.000000000346078"
"shack,0.00000101685"
"shade,0.0000124251"
"shads,0.0000000107849"
"shady,0.00000175608"
"shaft,0.0000221207"
"shags,0.0000000286665"
"shahs,0.0000000162762"
"shaka,0.00000000450845"
"shake,0.00000893585"
"shako,0.0000000430677"
"shakt,0.000000000865326"
"shaky,0.00000137832"
"shale,0.00000811834"
"shall,0.000680749"
"shalm,0.00000000138413"
"shalt,0.00000550444"
"shaly,0.000000513634"
"shama,0.00000000640647"
"shame,0.0000111421"
"shams,0.000000171809"
"shand,0.00000000211183"
"shank,0.00000154933"
"shans,0.00000000195878"
"shape,0.0000518016"
"shaps,0.00000000421499"
"shard,0.000000167589"
"share,0.000083714"
"shark,0.00000182629"
"sharn,0.00000000203905"
"sharp,0.0000286607"
"shart,0.0000000107428"
"shash,0.00000000348793"
"shaul,0.00000000178543"
"shave,0.0000012379"
"shawl,0.0000014187"
"shawm,0.0000000247283"
"shawn,0.00000000795289"
"shaws,0.0000000144024"
"shaya,0.00000000172306"
"shays,0.00000000303133"
"shchi,0.00000000264974"
"sheaf,0.000000737523"
"sheal,0.00000000138392"
"shear,0.0000106406"
"sheas,0.00000000154568"
"sheds,0.00000282515"
"sheel,0.00000000776939"
"sheen,0.000000825023"
"sheep,0.0000227165"
"sheer,0.00000665731"
"sheet,0.0000329874"
"sheik,0.000000160745"
"shelf,0.00000869876"
"shell,0.000022051"
"shend,0.00000000499495"
"sheng,0.000000287094"
"shent,0.0000000218349"
"sheol,0.0000000240004"
"sherd,0.000000385573"
"shere,0.0000000184594"
"shero,0.00000000173214"
"shets,0.00000000253672"
"sheva,0.00000000841046"
"shewn,0.00000204604"
"shews,0.00000123114"
"shiai,0.00000000136987"
"shied,0.000000309007"
"shiel,0.00000000625292"
"shier,0.00000000785879"
"shies,0.0000000666095"
"shift,0.0000316148"
"shill,0.0000000621251"
"shily,0.0000000013774"
"shims,0.000000169827"
"shine,0.00000470806"
"shins,0.000000296715"
"shiny,0.00000276716"
"shiok,0.00000000051631"
"ships,0.0000381027"
"shire,0.0000012088"
"shirk,0.000000416656"
"shirr,0.00000000538578"
"shirs,0.00000000145713"
"shirt,0.0000120943"
"shish,0.0000000350847"
"shiso,0.0000000222777"
"shist,0.00000000672896"
"shite,0.000000104294"
"shits,0.0000000770654"
"shiur,0.00000000773764"
"shiva,0.0000000245543"
"shive,0.0000000162931"
"shivs,0.00000000303313"
"shlep,0.00000000308401"
"shlub,0.000000000935988"
"shmek,0.000000000258789"
"shmoe,0.000000000447688"
"shoal,0.00000127749"
"shoat,0.0000000179535"
"shock,0.0000224559"
"shoed,0.0000000217606"
"shoer,0.0000000128409"
"shoes,0.0000155709"
"shogi,0.00000000795531"
"shogs,0.000000000833697"
"shoji,0.0000000300907"
"shojo,0.00000000840964"
"shola,0.00000000923036"
"shone,0.00000411278"
"shonk,0.000000000830524"
"shook,0.0000202635"
"shool,0.0000000142131"
"shoon,0.0000000479793"
"shoos,0.0000000220735"
"shoot,0.0000108002"
"shope,0.0000000141865"
"shops,0.0000154148"
"shore,0.000024743"
"shorl,0.00000000689235"
"shorn,0.000000890688"
"short,0.000162015"
"shote,0.0000000139284"
"shots,0.00000640086"
"shott,0.0000000592286"
"shoud,0.0000000819144"
"shout,0.00000440379"
"shove,0.00000107541"
"showd,0.0000000071867"
"shown,0.000190543"
"shows,0.000120637"
"showy,0.00000101931"
"shoyu,0.0000000495654"
"shred,0.000000608864"
"shrew,0.000000342176"
"shris,0.00000000051167"
"shrow,0.00000000125708"
"shrub,0.00000279176"
"shrug,0.00000143197"
"shtar,0.00000000156787"
"shtik,0.00000000242764"
"shtum,0.00000000251422"
"shtup,0.00000000158972"
"shuba,0.00000000452285"
"shuck,0.0000000981998"
"shule,0.00000000621089"
"shuln,0.0000000041703"
"shuls,0.00000000572526"
"shuns,0.000000189904"
"shunt,0.00000207465"
"shura,0.0000000355258"
"shush,0.0000000625598"
"shute,0.0000000301155"
"shuts,0.000000945484"
"shwas,0.000000000630322"
"shyer,0.0000000294907"
"shyly,0.000000587754"
"sials,0.000000000312789"
"sibbs,0.000000000140611"
"sibia,0.000000000460974"
"sibyl,0.0000000739095"
"sices,0.00000000523701"
"sicht,0.0000000222369"
"sicko,0.0000000184436"
"sicks,0.00000000390082"
"sicky,0.00000000286959"
"sidas,0.00000000187784"
"sided,0.00000596091"
"sider,0.000000233454"
"sides,0.0000515185"
"sidey,0.00000000142483"
"sidha,0.00000000298992"
"sidhe,0.0000000274588"
"sidle,0.0000000580956"
"siege,0.00000613666"
"sield,0.0000000338437"
"siens,0.000000010157"
"sient,0.0000000146872"
"sieth,0.000000000913746"
"sieur,NA"
"sieve,0.00000253607"
"sifts,0.0000000748818"
"sighs,0.00000167058"
"sight,0.0000426244"
"sigil,0.0000000414257"
"sigla,0.0000000249537"
"sigma,0.00000074055"
"signa,0.000000126442"
"signs,0.0000351278"
"sigri,0.00000000108677"
"sijos,0.000000000211551"
"sikas,0.00000000084417"
"siker,0.00000000743692"
"sikes,0.00000000225533"
"silds,0.000000000235027"
"siled,0.00000000880259"
"silen,0.00000000877462"
"siler,0.00000000335463"
"siles,0.0000000320688"
"silex,0.000000123718"
"silks,0.00000122536"
"silky,0.0000013188"
"sills,0.00000106892"
"silly,0.00000559449"
"silos,0.000000842101"
"silts,0.000000376412"
"silty,0.00000196723"
"silva,0.0000000365732"
"simar,0.00000000218106"
"simas,0.00000000426278"
"simba,0.00000000543582"
"simis,0.00000000207013"
"simps,0.00000000364841"
"simul,0.000000226404"
"since,0.000276876"
"sinds,0.0000000162953"
"sined,0.00000000418173"
"sines,0.000000240048"
"sinew,0.000000383458"
"singe,0.00000013295"
"sings,0.00000279753"
"sinhs,0.000000000390878"
"sinks,0.00000274873"
"sinky,0.000000000671673"
"sinsi,0.000000000520004"
"sinus,0.00000404055"
"siped,0.00000000193575"
"sipes,0.00000000325658"
"sippy,0.0000000162577"
"sired,0.00000061137"
"siree,0.0000000218299"
"siren,0.000000959613"
"sires,0.000000736836"
"sirih,0.0000000078561"
"siris,0.00000000726344"
"siroc,0.00000000163132"
"sirra,0.00000000639388"
"sirup,0.000000600668"
"sisal,0.000000413467"
"sises,0.00000000763233"
"sissy,0.00000016553"
"sista,0.0000000194561"
"sists,0.000000127284"
"sitar,0.0000000655999"
"sitch,0.0000000126869"
"sited,0.000000721838"
"sites,0.0000432755"
"sithe,0.000000016886"
"sitka,0.0000000135052"
"situp,0.00000000369472"
"situs,0.00000063016"
"siver,0.00000000570871"
"sixer,0.00000000473754"
"sixes,0.000000217213"
"sixmo,0.000000000222979"
"sixte,0.0000000115251"
"sixth,0.0000170731"
"sixty,0.0000231264"
"sizar,0.000000039787"
"sized,0.0000108642"
"sizel,0.00000000275733"
"sizer,0.0000000425453"
"sizes,0.0000189849"
"skags,0.000000000900227"
"skail,0.000000000904458"
"skald,0.0000000241025"
"skank,0.0000000225527"
"skarn,0.000000154496"
"skart,0.00000000106854"
"skate,0.000000627592"
"skats,0.000000000630948"
"skatt,0.00000000425687"
"skaws,0.000000000147074"
"skean,0.00000000484379"
"skear,0.00000000117745"
"skeds,0.00000000521784"
"skeed,0.000000000288311"
"skeef,0.00000000234587"
"skeen,0.00000000160349"
"skeer,0.00000000837094"
"skees,0.00000000557165"
"skeet,0.0000000650188"
"skeev,0.000000000316773"
"skeez,0.000000000322636"
"skegg,0.000000000445477"
"skegs,0.00000000805308"
"skein,0.000000311488"
"skelf,0.000000000807889"
"skell,0.0000000026022"
"skelm,0.0000000020647"
"skelp,0.0000000645918"
"skene,0.0000000231234"
"skens,0.000000000281625"
"skeos,0.000000000430667"
"skeps,0.0000000236473"
"skerm,0.00000000356615"
"skers,0.000000000861185"
"skets,0.00000000189915"
"skews,0.0000000610433"
"skids,0.000000379776"
"skied,0.0000000930273"
"skier,0.000000271751"
"skies,0.00000385892"
"skiey,0.00000000903638"
"skiff,0.000000455075"
"skill,0.0000265222"
"skimo,0.000000000790327"
"skimp,0.0000000786535"
"skims,0.000000114588"
"skink,0.0000000562061"
"skins,0.00000581089"
"skint,0.0000000155687"
"skios,0.000000000486623"
"skips,0.000000435694"
"skirl,0.0000000225893"
"skirr,0.00000000372332"
"skirt,0.00000453731"
"skite,0.00000000520756"
"skits,0.000000175814"
"skive,0.00000000899774"
"skivy,0.000000000343654"
"sklim,0.000000000201433"
"skoal,0.00000000255341"
"skobe,Missing[NotAvailable]"
"skody,0.000000000298202"
"skoff,0.00000000107789"
"skofs,Missing[NotAvailable]"
"skogs,0.000000000608505"
"skols,0.000000000777357"
"skool,0.0000000171067"
"skort,0.00000000253761"
"skosh,0.00000000189161"
"skran,0.000000000414161"
"skrik,0.00000000814334"
"skroo,0.000000000384073"
"skuas,0.0000000432488"
"skugs,0.000000000298849"
"skulk,0.0000000817397"
"skull,0.00000767018"
"skunk,0.000000497179"
"skyed,0.00000000330399"
"skyer,0.00000000139052"
"skyey,0.0000000188591"
"skyfs,Missing[NotAvailable]"
"skyre,0.000000000235358"
"skyrs,Missing[NotAvailable]"
"skyte,0.000000000909973"
"slabs,0.00000312891"
"slack,0.0000032445"
"slade,0.00000000917141"
"slaes,0.00000000173884"
"slags,0.000000462214"
"slaid,0.0000000015602"
"slain,0.00000470357"
"slake,0.000000183073"
"slams,0.000000276585"
"slane,0.0000000195287"
"slang,0.00000139823"
"slank,0.00000000390151"
"slant,0.000001252"
"slaps,0.000000335682"
"slart,0.00000000167567"
"slash,0.00000145263"
"slate,0.00000482279"
"slats,0.000000609738"
"slaty,0.000000371927"
"slave,0.0000184773"
"slaws,0.00000000283943"
"slays,0.000000197681"
"slebs,0.000000000429878"
"sleds,0.000000302719"
"sleek,0.00000120166"
"sleep,0.0000378317"
"sleer,0.00000000169926"
"sleet,0.000000633064"
"slept,0.00000832481"
"slews,0.0000000143455"
"sleys,0.00000000289762"
"slice,0.00000415803"
"slick,0.00000138349"
"slide,0.0000115539"
"slier,0.00000000373306"
"slily,0.0000000566254"
"slime,0.00000123333"
"slims,0.00000000798801"
"slimy,0.000000764474"
"sling,0.00000123552"
"slink,0.000000146187"
"slipe,0.00000000736734"
"slips,0.00000352505"
"slipt,0.0000000559913"
"slish,0.00000000217969"
"slits,0.00000114777"
"slive,0.00000000162084"
"sloan,0.00000000562128"
"slobs,0.0000000311721"
"sloes,0.0000000255463"
"slogs,0.00000000661199"
"sloid,0.00000000165029"
"slojd,0.00000000219587"
"sloka,0.0000000411698"
"slomo,0.00000000108977"
"sloom,0.000000000469756"
"sloop,0.00000108506"
"sloot,0.00000000314347"
"slope,0.000018954"
"slops,0.000000181055"
"slopy,0.000000005202"
"slorm,0.00000000116266"
"slosh,0.0000000780004"
"sloth,0.000000609057"
"slots,0.00000310605"
"slove,0.0000000054373"
"slows,0.00000111019"
"sloyd,0.0000000369683"
"slubb,0.000000000252021"
"slubs,0.00000000823722"
"slued,0.00000000657092"
